Размерность 8
X 1 2 3 4 5 6 7 8
Y 2 4 6 8 10 12 14 16

Результаты:
Коэфы апроксимирующих функций: 
Ньютон (разделенные): 2.0000, 2.0000, 0.0000, 0.0000, 0.0000, 0.0000, 0.0000, 0.0000
Ньютон (конечные): 2.0000, 2.0000, 0.0000, 0.0000, 0.0000, 0.0000, 0.0000, 0.0000
Ньютон (разделенные): 2.0000, 2.0000, 0.0000, 0.0000, 0.0000, 0.0000, 0.0000, 0.0000
Ньютон (конечные): 2.0000, 2.0000, 0.0000, 0.0000, 0.0000, 0.0000, 0.0000, 0.0000
Ньютон (разделенные): 2.0000, 2.0000, 0.0000, 0.0000, 0.0000, 0.0000, 0.0000, 0.0000
Ньютон (конечные): 2.0000, 2.0000, 0.0000, 0.0000, 0.0000, 0.0000, 0.0000, 0.0000
Ньютон (разделенные): 2.0000, 2.0000, 0.0000, 0.0000, 0.0000, 0.0000, 0.0000, 0.0000
Ньютон (конечные): 2.0000, 2.0000, 0.0000, 0.0000, 0.0000, 0.0000, 0.0000, 0.0000
Ньютон (разделенные): 2.0000, 2.0000, 0.0000, 0.0000, 0.0000, 0.0000, 0.0000, 0.0000
Ньютон (конечные): 2.0000, 2.0000, 0.0000, 0.0000, 0.0000, 0.0000, 0.0000, 0.0000
Ньютон (разделенные): 2.0000, 2.0000, 0.0000, 0.0000, 0.0000, 0.0000, 0.0000, 0.0000
Ньютон (конечные): 2.0000, 2.0000, 0.0000, 0.0000, 0.0000, 0.0000, 0.0000, 0.0000
Ньютон (разделенные): 2.0000, 2.0000, 0.0000, 0.0000, 0.0000, 0.0000, 0.0000, 0.0000
Ньютон (конечные): 2.0000, 2.0000, 0.0000, 0.0000, 0.0000, 0.0000, 0.0000, 0.0000
Ньютон (разделенные): 2.0000, 2.0000, 0.0000, 0.0000, 0.0000, 0.0000, 0.0000, 0.0000
Ньютон (конечные): 2.0000, 2.0000, 0.0000, 0.0000, 0.0000, 0.0000, 0.0000, 0.0000
Квадратичная: 0.0000, 2.0000, 0.0000
Кубическая: 0.0000, 2.0000, 0.0000, 0.0000
Экспоненциальная: 2.1815, 0.2753
Логарифмическая: 6.6763, 0.1500
Степенная: 2.0000, 1.0000
Квадратичная: 20.2500, -13.7500, 2.2500
Кубическая: -27.0000, 35.4091, -10.6364, 0.9545
Экспоненциальная: 1.5084, 0.3983
Логарифмическая: 18.4305, -8.6810
Степенная: 1.5711, 1.3213
Квадратичная: 0.0000, 2.0000, 0.0000
Кубическая: 0.0000, 2.0000, 0.0000, 0.0000
Экспоненциальная: 2.1815, 0.2753
Логарифмическая: 6.6763, 0.1500
Степенная: 2.0000, 1.0000
Квадратичная: -0.3750, 2.2917, -0.0417
Кубическая: 0.5000, 1.3813, 0.1970, -0.0177
Экспоненциальная: 2.2170, 0.2699
Логарифмическая: 6.4587, 0.3135
Степенная: 2.0212, 0.9860
Квадратичная: 0.0000, 2.0000, 0.0000
Кубическая: 0.0000, 2.0000, 0.0000, 0.0000
Экспоненциальная: 2.1815, 0.2753
Логарифмическая: 6.6763, 0.1500
Степенная: 2.0000, 1.0000
Квадратичная: 0.7500, 1.4167, 0.0833
Кубическая: -1.0000, 3.2374, -0.3939, 0.0354
Экспоненциальная: 2.1182, 0.2851
Логарифмическая: 7.1117, -0.1771
Степенная: 1.9618, 1.0256
Квадратичная: 0.0000, 2.0000, 0.0000
Кубическая: 0.0000, 2.0000, 0.0000, 0.0000
Экспоненциальная: 2.1815, 0.2753
Логарифмическая: 6.6763, 0.1500
Степенная: 2.0000, 1.0000
Квадратичная: 0.0000, 2.0000, 0.0000
Кубическая: 0.0000, 2.0000, 0.0000, 0.0000
Экспоненциальная: 2.1815, 0.2753
Логарифмическая: 6.6763, 0.1500
Степенная: 2.0000, 1.0000
Среднеквадрат. отклонение: 0.0000
Эпсилон: 0.0000; 0.0000; 0.0000; 0.0000; 0.0000; 0.0000; 0.0000; 0.0000
Коэф корреляции: 1.0000
Коэф Детерминации: 1.0000
Наилучшая апроксимирующая функция: 0
